100011
100100
100122
100233
100344
100455
100566
100677
100788
100899
101010
101012
101101
101121
101210
101212
101232
101323
101343
101434
101454
101545
101565
101656
101676
101767
101787
101878
101898
101989
102013
102102
102120
102231
102320
102342
102453
102564
102675
102786
102897
103014
103103
103230
103341
103430
103452
103563
103674
103785
103896
104015
104104
104340
104451
104540
104562
104673
104784
104895
105016
105105
105450
105561
105650
105672
105783
105894
106017
106106
106560
106671
106760
106782
106893
107018
107107
107670
107781
107870
107892
108019
108108
108780
108891
108980
109109
109890
110001
110110
110112
110223
110334
110445
110556
110667
110778
110889
111000
111111
111222
111333
111444
111555
111666
111777
111888
111999
112110
112112
112221
112332
112443
112554
112665
112776
112887
112998
113113
113220
113331
113442
113553
113664
113775
113886
113997
114114
114330
114441
114552
114663
114774
114885
114996
115115
115440
115551
115662
115773
115884
115995
116116
116550
116661
116772
116883
116994
117117
117660
117771
117882
117993
118118
118770
118881
118992
119119
119880
119991
120102
120120
120213
120324
120435
120546
120657
120768
120879
121010
121012
121101
121121
121210
121212
121232
121323
121343
121434
121454
121545
121565
121656
121676
121767
121787
121878
121898
121989
122100
122122
122211
122322
122433
122544
122655
122766
122877
122988
123123
123210
123212
123232
123321
123432
123543
123654
123765
123876
123987
124124
124213
124320
124342
124431
124542
124653
124764
124875
124986
125125
125214
125430
125452
125541
125652
125763
125874
125985
126126
126215
126540
126562
126651
126762
126873
126984
127127
127216
127650
127672
127761
127872
127983
128128
128217
128760
128782
128871
128982
129129
129218
129870
129892
129981
130130
130203
130314
130425
130536
130647
130758
130869
131020
131131
131202
131242
131313
131353
131424
131464
131535
131575
131646
131686
131757
131797
131868
131979
132023
132132
132201
132310
132312
132423
132534
132645
132756
132867
132978
133133
133200
133311
133422
133533
133644
133755
133866
133977
134134
134243
134310
134312
134421
134532
134643
134754
134865
134976
135135
135313
135353
135420
135531
135642
135753
135864
135975
136136
136314
136463
136530
136641
136752
136863
136974
137137
137315
137573
137640
137751
137862
137973
138138
138316
138683
138750
138861
138972
139139
139317
139793
139860
139971
140140
140304
140415
140526
140637
140748
140859
141030
141141
141252
141303
141363
141414
141474
141525
141585
141636
141696
141747
141858
141969
142142
142302
142413
142524
142635
142746
142857
142968
143034
143143
143301
143410
143412
143523
143634
143745
143856
143967
144144
144300
144411
144522
144633
144744
144855
144966
145145
145254
145410
145412
145521
145632
145743
145854
145965
146146
146364
146413
146520
146631
146742
146853
146964
147147
147414
147474
147630
147741
147852
147963
148148
148415
148584
148740
148851
148962
149149
149416
149694
149850
149961
150150
150405
150516
150627
150738
150849
151040
151151
151262
151373
151404
151484
151515
151595
151626
151737
151848
151959
152152
152403
152514
152625
152736
152847
152958
153153
153402
153513
153624
153735
153846
153957
154045
154154
154401
154510
154512
154623
154734
154845
154956
155155
155400
155511
155622
155733
155844
155955
156156
156265
156510
156512
156621
156732
156843
156954
157157
157375
157513
157620
157731
157842
157953
158158
158485
158514
158730
158841
158952
159159
159515
159595
159840
159951
160160
160506
160617
160728
160839
161050
161161
161272
161383
161494
161505
161616
161727
161838
161949
162162
162504
162615
162726
162837
162948
163163
163503
163614
163725
163836
163947
164164
164502
164613
164724
164835
164946
165056
165165
165501
165610
165612
165723
165834
165945
166166
166500
166611
166722
166833
166944
167167
167276
167610
167612
167721
167832
167943
168168
168386
168613
168720
168831
168942
169169
169496
169614
169830
169941
170170
170607
170718
170829
171060
171171
171282
171393
171606
171717
171828
171939
172172
172605
172716
172827
172938
173173
173604
173715
173826
173937
174174
174603
174714
174825
174936
175175
175602
175713
175824
175935
176067
176176
176601
176710
176712
176823
176934
177177
177600
177711
177822
177933
178178
178287
178710
178712
178821
178932
179179
179397
179713
179820
179931
180180
180708
180819
181070
181181
181292
181707
181818
181929
182182
182706
182817
182928
183183
183705
183816
183927
184184
184704
184815
184926
185185
185703
185814
185925
186186
186702
186813
186924
187078
187187
187701
187810
187812
187923
188188
188700
188811
188922
189189
189298
189810
189812
189921
190190
190809
191080
191191
191808
191919
192192
192807
192918
193193
193806
193917
194194
194805
194916
195195
195804
195915
196196
196803
196914
197197
197802
197913
198089
198198
198801
198910
198912
199199
199800
199911
200022
200133
200200
200244
200355
200466
200577
200688
200799
201021
201023
201132
201201
201243
201310
201354
201465
201576
201687
201798
202020
202024
202131
202202
202242
202313
202353
202420
202424
202464
202535
202575
202646
202686
202757
202797
202868
202979
203025
203130
203203
203241
203352
203463
203530
203574
203685
203796
204026
204204
204240
204351
204462
204573
204640
204684
204795
205027
205205
205350
205461
205572
205683
205750
205794
206028
206206
206460
206571
206682
206793
206860
207029
207207
207570
207681
207792
207970
208208
208680
208791
209209
209790
210012
210101
210121
210123
210210
210234
210345
210456
210567
210678
210789
211011
211122
211211
211233
211344
211455
211566
211677
211788
211899
212010
212101
212121
212123
212212
212232
212321
212323
212343
212434
212454
212545
212565
212656
212676
212767
212787
212878
212898
212989
213120
213124
213213
213231
213342
213431
213453
213564
213675
213786
213897
214125
214214
214230
214341
214452
214541
214563
214674
214785
214896
215126
215215
215340
215451
215562
215651
215673
215784
215895
216127
216216
216450
216561
216672
216761
216783
216894
217128
217217
217560
217671
217782
217871
217893
218129
218218
218670
218781
218892
218981
219219
219780
219891
220002
220113
220220
220224
220335
220446
220557
220668
220779
221001
221112
221221
221223
221334
221445
221556
221667
221778
221889
222000
222111
222222
222333
222444
222555
222666
222777
222888
222999
223110
223221
223223
223332
223443
223554
223665
223776
223887
223998
224220
224224
224331
224442
224553
224664
224775
224886
224997
225225
225330
225441
225552
225663
225774
225885
225996
226226
226440
226551
226662
226773
226884
226995
227227
227550
227661
227772
227883
227994
228228
228660
228771
228882
228993
229229
229770
229881
229992
230103
230214
230230
230325
230436
230547
230658
230769
231013
231102
231213
231231
231320
231324
231435
231546
231657
231768
231879
232010
232101
232121
232123
232212
232232
232321
232323
232343
232434
232454
232545
232565
232656
232676
232767
232787
232878
232898
232989
233100
233211
233233
233322
233433
233544
233655
233766
233877
233988
234210
234234
234321
234323
234343
234432
234543
234654
234765
234876
234987
235235
235320
235324
235431
235453
235542
235653
235764
235875
235986
236236
236325
236430
236541
236563
236652
236763
236874
236985
237237
237326
237540
237651
237673
237762
237873
237984
238238
238327
238650
238761
238783
238872
238983
239239
239328
239760
239871
239893
239982
240204
240240
240315
240426
240537
240648
240759
241203
241241
241314
241425
241536
241647
241758
241869
242020
242024
242131
242202
242242
242313
242353
242420
242424
242464
242535
242575
242646
242686
242757
242797
242868
242979
243134
243201
243243
243312
243421
243423
243534
243645
243756
243867
243978
244200
244244
244311
244422
244533
244644
244755
244866
244977
245245
245310
245354
245421
245423
245532
245643
245754
245865
245976
246246
246420
246424
246464
246531
246642
246753
246864
246975
247247
247425
247530
247574
247641
247752
247863
247974
248248
248426
248640
248684
248751
248862
248973
249249
249427
249750
249794
249861
249972
250250
250305
250416
250527
250638
250749
251251
251304
251415
251526
251637
251748
251859
252030
252141
252252
252303
252363
252414
252474
252525
252585
252636
252696
252747
252858
252969
253035
253253
253302
253413
253520
253524
253635
253746
253857
253968
254145
254254
254301
254412
254521
254523
254634
254745
254856
254967
255255
255300
255411
255522
255633
255744
255855
255966
256256
256365
256410
256521
256523
256632
256743
256854
256965
257257
257475
257520
257524
257631
257742
257853
257964
258258
258525
258585
258630
258741
258852
258963
259259
259526
259695
259740
259851
259962
260260
260406
260517
260628
260739
261261
261405
261516
261627
261738
261849
262040
262151
262262
262373
262404
262484
262515
262595
262626
262737
262848
262959
263263
263403
263514
263625
263736
263847
263958
264046
264264
264402
264513
264620
264624
264735
264846
264957
265156
265265
265401
265512
265621
265623
265734
265845
265956
266266
266400
266511
266622
266733
266844
266955
267267
267376
267510
267621
267623
267732
267843
267954
268268
268486
268620
268624
268731
268842
268953
269269
269596
269625
269730
269841
269952
270270
270507
270618
270729
271271
271506
271617
271728
271839
272050
272161
272272
272383
272494
272505
272616
272727
272838
272949
273273
273504
273615
273726
273837
273948
274274
274503
274614
274725
274836
274947
275057
275275
275502
275613
275720
275724
275835
275946
276167
276276
276501
276612
276721
276723
276834
276945
277277
277500
277611
277722
277833
277944
278278
278387
278610
278721
278723
278832
278943
279279
279497
279720
279724
279831
279942
280280
280608
280719
281281
281607
281718
281829
282060
282171
282282
282393
282606
282717
282828
282939
283283
283605
283716
283827
283938
284284
284604
284715
284826
284937
285285
285603
285714
285825
285936
286068
286286
286602
286713
286820
286824
286935
287178
287287
287601
287712
287821
287823
287934
288288
288600
288711
288822
288933
289289
289398
289710
289821
289823
289932
290290
290709
291291
291708
291819
292070
292181
292292
292707
292818
292929
293293
293706
293817
293928
294294
294705
294816
294927
295295
295704
295815
295926
296296
296703
296814
296925
297079
297297
297702
297813
297920
297924
298189
298298
298701
298812
298921
298923
299299
299700
299811
299922
300033
300144
300255
300300
300366
300477
300588
300699
301032
301034
301143
301254
301301
301365
301410
301476
301587
301698
302031
302035
302142
302253
302302
302364
302475
302520
302586
302697
303030
303036
303141
303252
303303
303363
303414
303474
303525
303585
303630
303636
303696
303747
303858
303969
304037
304140
304251
304304
304362
304473
304584
304695
304740
305038
305250
305305
305361
305472
305583
305694
305850
306039
306306
306360
306471
306582
306693
306960
307307
307470
307581
307692
308308
308580
308691
309309
309690
310023
310132
310134
310201
310245
310310
310356
310467
310578
310689
311022
311133
311244
311311
311355
311466
311577
311688
311799
312021
312132
312134
312243
312312
312354
312421
312465
312576
312687
312798
313020
313131
313135
313202
313242
313313
313353
313424
313464
313531
313535
313575
313646
313686
313757
313797
313868
313979
314130
314136
314241
314314
314352
314463
314574
314641
314685
314796
315137
315240
315315
315351
315462
315573
315684
315751
315795
316138
316316
316350
316461
316572
316683
316794
316861
317139
317317
317460
317571
317682
317793
317971
318318
318570
318681
318792
319319
319680
319791
320013
320102
320124
320231
320235
320320
320346
320457
320568
320679
321012
321123
321212
321232
321234
321321
321345
321456
321567
321678
321789
322011
322122
322233
322322
322344
322455
322566
322677
322788
322899
323010
323101
323121
323212
323232
323234
323323
323343
323432
323434
323454
323545
323565
323656
323676
323767
323787
323878
323898
323989
324120
324231
324235
324324
324342
324453
324542
324564
324675
324786
324897
325230
325236
325325
325341
325452
325563
325652
325674
325785
325896
326237
326326
326340
326451
326562
326673
326762
326784
326895
327238
327327
327450
327561
327672
327783
327872
327894
328239
328328
328560
328671
328782
328893
328982
329329
329670
329781
329892
330003
330114
330225
330330
330336
330447
330558
330669
331002
331113
331224
331331
331335
331446
331557
331668
331779
332001
332112
332223
332332
332334
332445
332556
332667
332778
332889
333000
333111
333222
333333
333444
333555
333666
333777
333888
333999
334110
334221
334332
334334
334443
334554
334665
334776
334887
334998
335220
335331
335335
335442
335553
335664
335775
335886
335997
336330
336336
336441
336552
336663
336774
336885
336996
337337
337440
337551
337662
337773
337884
337995
338338
338550
338661
338772
338883
338994
339339
339660
339771
339882
339993
340104
340215
340326
340340
340437
340548
340659
341014
341103
341214
341325
341341
341430
341436
341547
341658
341769
342102
342124
342213
342324
342342
342431
342435
342546
342657
342768
342879
343010
343101
343121
343212
343232
343234
343323
343343
343432
343434
343454
343545
343565
343656
343676
343767
343787
343878
343898
343989
344100
344211
344322
344344
344433
344544
344655
344766
344877
344988
345210
345321
345345
345432
345434
345454
345543
345654
345765
345876
345987
346320
346346
346431
346435
346542
346564
346653
346764
346875
346986
347347
347430
347436
347541
347652
347674
347763
347874
347985
348348
348437
348540
348651
348762
348784
348873
348984
349349
349438
349650
349761
349872
349894
349983
350205
350316
350350
350427
350538
350649
351204
351315
351351
351426
351537
351648
351759
352025
352203
352314
352352
352425
352530
352536
352647
352758
352869
353020
353131
353135
353202
353242
353313
353353
353424
353464
353531
353535
353575
353646
353686
353757
353797
353868
353979
354201
354245
354312
354354
354423
354532
354534
354645
354756
354867
354978
355200
355311
355355
355422
355533
355644
355755
355866
355977
356310
356356
356421
356465
356532
356534
356643
356754
356865
356976
357357
357420
357531
357535
357575
357642
357753
357864
357975
358358
358530
358536
358641
358685
358752
358863
358974
359359
359537
359640
359751
359795
359862
359973
360306
360360
360417
360528
360639
361305
361361
361416
361527
361638
361749
362304
362362
362415
362526
362637
362748
362859
363030
363036
363141
363252
363303
363363
363414
363474
363525
363585
363630
363636
363696
363747
363858
363969
364146
364302
364364
364413
364524
364631
364635
364746
364857
364968
365256
365301
365365
365412
365523
365632
365634
365745
365856
365967
366300
366366
366411
366522
366633
366744
366855
366966
367367
367410
367476
367521
367632
367634
367743
367854
367965
368368
368520
368586
368631
368635
368742
368853
368964
369369
369630
369636
369696
369741
369852
369963
370370
370407
370518
370629
371371
371406
371517
371628
371739
372372
372405
372516
372627
372738
372849
373040
373151
373262
373373
373404
373484
373515
373595
373626
373737
373848
373959
374047
374374
374403
374514
374625
374730
374736
374847
374958
375157
375375
375402
375513
375624
375731
375735
375846
375957
376267
376376
376401
376512
376623
376732
376734
376845
376956
377377
377400
377511
377622
377733
377844
377955
378378
378487
378510
378621
378732
378734
378843
378954
379379
379597
379620
379731
379735
379842
379953
380380
380508
380619
381381
381507
381618
381729
382382
382506
382617
382728
382839
383050
383161
383272
383383
383494
383505
383616
383727
383838
383949
384384
384504
384615
384726
384837
384948
385058
385385
385503
385614
385725
385830
385836
385947
386168
386386
386502
386613
386724
386831
386835
386946
387278
387387
387501
387612
387723
387832
387834
387945
388388
388500
388611
388722
388833
388944
389389
389498
389610
389721
389832
389834
389943
390390
390609
391391
391608
391719
392392
392607
392718
392829
393060
393171
393282
393393
393606
393717
393828
393939
394394
394605
394716
394827
394938
395395
395604
395715
395826
395937
396069
396396
396603
396714
396825
396930
396936
397179
397397
397602
397713
397824
397931
397935
398289
398398
398601
398712
398823
398932
398934
399399
399600
399711
399822
399933
400044
400155
400266
400377
400400
400488
400599
401043
401045
401154
401265
401376
401401
401487
401510
401598
402042
402046
402153
402264
402375
402402
402486
402597
402620
403041
403047
403152
403263
403374
403403
403485
403596
403730
404040
404048
404151
404262
404373
404404
404484
404515
404595
404626
404737
404840
404848
404959
405049
405150
405261
405372
405405
405483
405594
405950
406260
406371
406406
406482
406593
407370
407407
407481
407592
408408
408480
408591
409409
409590
410034
410143
410145
410256
410301
410367
410410
410478
410589
411033
411144
411255
411366
411411
411477
411588
411699
412032
412143
412145
412254
412365
412412
412476
412521
412587
412698
413031
413142
413146
413253
413364
413413
413475
413586
413631
413697
414030
414141
414147
414252
414303
414363
414414
414474
414525
414585
414636
414696
414741
414747
414858
414969
415140
415148
415251
415362
415415
415473
415584
415695
415851
416149
416250
416361
416416
416472
416583
416694
416961
417360
417417
417471
417582
417693
418418
418470
418581
418692
419419
419580
419691
420024
420135
420202
420242
420246
420357
420420
420468
420579
421023
421134
421243
421245
421312
421356
421421
421467
421578
421689
422022
422133
422244
422355
422422
422466
422577
422688
422799
423021
423132
423243
423245
423354
423423
423465
423532
423576
423687
423798
424020
424131
424202
424242
424246
424313
424353
424424
424464
424535
424575
424642
424646
424686
424757
424797
424868
424979
425130
425241
425247
425352
425425
425463
425574
425685
425752
425796
426240
426248
426351
426426
426462
426573
426684
426795
426862
427249
427350
427427
427461
427572
427683
427794
427972
428428
428460
428571
428682
428793
429429
429570
429681
429792
430014
430103
430125
430236
430341
430347
430430
430458
430569
431013
431124
431213
431235
431342
431346
431431
431457
431568
431679
432012
432123
432234
432323
432343
432345
432432
432456
432567
432678
432789
433011
433122
433233
433344
433433
433455
433566
433677
433788
433899
434010
434101
434121
434212
434232
434323
434343
434345
434434
434454
434543
434545
434565
434656
434676
434767
434787
434878
434898
434989
435120
435231
435342
435346
435435
435453
435564
435653
435675
435786
435897
436230
436341
436347
436436
436452
436563
436674
436763
436785
436896
437340
437348
437437
437451
437562
437673
437784
437873
437895
438349
438438
438450
438561
438672
438783
438894
438983
439439
439560
439671
439782
439893
440004
440115
440226
440337
440440
440448
440559
441003
441114
441225
441336
441441
441447
441558
441669
442002
442113
442224
442335
442442
442446
442557
442668
442779
443001
443112
443223
443334
443443
443445
443556
443667
443778
443889
444000
444111
444222
444333
444444
444555
444666
444777
444888
444999
445110
445221
445332
445443
445445
445554
445665
445776
445887
445998
446220
446331
446442
446446
446553
446664
446775
446886
446997
447330
447441
447447
447552
447663
447774
447885
447996
448440
448448
448551
448662
448773
448884
448995
449449
449550
449661
449772
449883
449994
450105
450216
450327
450438
450450
450549
451015
451104
451215
451326
451437
451451
451540
451548
451659
452103
452125
452214
452325
452436
452452
452541
452547
452658
452769
453102
453213
453235
453324
453435
453453
453542
453546
453657
453768
453879
454010
454101
454121
454212
454232
454323
454343
454345
454434
454454
454543
454545
454565
454656
454676
454767
454787
454878
454898
454989
455100
455211
455322
455433
455455
455544
455655
455766
455877
455988
456210
456321
456432
456456
456543
456545
456565
456654
456765
456876
456987
457320
457431
457457
457542
457546
457653
457675
457764
457875
457986
458430
458458
458541
458547
458652
458763
458785
458874
458985
459459
459540
459548
459651
459762
459873
459895
459984
460206
460317
460428
460460
460539
461205
461316
461427
461461
461538
461649
462026
462204
462315
462426
462462
462537
462640
462648
462759
463136
463203
463314
463425
463463
463536
463641
463647
463758
463869
464020
464131
464202
464242
464246
464313
464353
464424
464464
464535
464575
464642
464646
464686
464757
464797
464868
464979
465201
465312
465356
465423
465465
465534
465643
465645
465756
465867
465978
466200
466311
466422
466466
466533
466644
466755
466866
466977
467310
467421
467467
467532
467576
467643
467645
467754
467865
467976
468420
468468
468531
468642
468646
468686
468753
468864
468975
469469
469530
469641
469647
469752
469796
469863
469974
470307
470418
470470
470529
471306
471417
471471
471528
471639
472305
472416
472472
472527
472638
472749
473037
473304
473415
473473
473526
473637
473740
473748
473859
474030
474141
474147
474252
474303
474363
474414
474474
474525
474585
474636
474696
474741
474747
474858
474969
475257
475302
475413
475475
475524
475635
475742
475746
475857
475968
476301
476367
476412
476476
476523
476634
476743
476745
476856
476967
477300
477411
477477
477522
477633
477744
477855
477966
478410
478478
478521
478587
478632
478743
478745
478854
478965
479479
479520
479631
479697
479742
479746
479853
479964
480408
480480
480519
481407
481481
481518
481629
482406
482482
482517
482628
482739
483405
483483
483516
483627
483738
483849
484040
484048
484151
484262
484373
484404
484484
484515
484595
484626
484737
484840
484848
484959
485158
485403
485485
485514
485625
485736
485841
485847
485958
486268
486402
486486
486513
486624
486735
486842
486846
486957
487378
487401
487487
487512
487623
487734
487843
487845
487956
488400
488488
488511
488622
488733
488844
488955
489489
489510
489598
489621
489732
489843
489845
489954
490490
490509
491491
491508
491619
492492
492507
492618
492729
493493
493506
493617
493728
493839
494050
494161
494272
494383
494494
494505
494616
494727
494838
494949
495059
495495
495504
495615
495726
495837
495940
495948
496169
496496
496503
496614
496725
496836
496941
496947
497279
497497
497502
497613
497724
497835
497942
497946
498389
498498
498501
498612
498723
498834
498943
498945
499499
499500
499611
499722
499833
499944
500055
500166
500277
500388
500499
500500
501054
501056
501165
501276
501387
501498
501501
501610
502053
502057
502164
502275
502386
502497
502502
502720
503052
503058
503163
503274
503385
503496
503503
503830
504051
504059
504162
504273
504384
504495
504504
504940
505050
505161
505272
505383
505494
505505
505616
505727
505838
505949
506160
506271
506382
506493
506506
507270
507381
507492
507507
508380
508491
508508
509490
509509
510045
510154
510156
510267
510378
510401
510489
510510
511044
511155
511266
511377
511488
511511
511599
512043
512154
512156
512265
512376
512487
512512
512598
512621
513042
513153
513157
513264
513375
513486
513513
513597
513731
514041
514152
514158
514263
514374
514485
514514
514596
514841
515040
515151
515159
515262
515373
515404
515484
515515
515595
515626
515737
515848
515951
515959
516150
516261
516372
516483
516516
516594
517260
517371
517482
517517
517593
518370
518481
518518
518592
519480
519519
519591
520035
520146
520253
520257
520302
520368
520479
520520
521034
521145
521254
521256
521367
521412
521478
521521
521589
522033
522144
522255
522366
522477
522522
522588
522699
523032
523143
523254
523256
523365
523476
523523
523587
523632
523698
524031
524142
524253
524257
524364
524475
524524
524586
524697
524742
525030
525141
525252
525258
525303
525363
525414
525474
525525
525585
525636
525696
525747
525852
525858
525969
526140
526251
526259
526362
526473
526526
526584
526695
526962
527250
527361
527472
527527
527583
527694
528360
528471
528528
528582
528693
529470
529529
529581
529692
530025
530136
530203
530247
530352
530358
530469
530530
531024
531135
531246
531313
531353
531357
531468
531531
531579
532023
532134
532245
532354
532356
532423
532467
532532
532578
532689
533022
533133
533244
533355
533466
533533
533577
533688
533799
534021
534132
534243
534354
534356
534465
534534
534576
534643
534687
534798
535020
535131
535202
535242
535313
535353
535357
535424
535464
535535
535575
535646
535686
535753
535757
535797
535868
535979
536130
536241
536352
536358
536463
536536
536574
536685
536796
536863
537240
537351
537359
537462
537537
537573
537684
537795
537973
538350
538461
538538
538572
538683
538794
539460
539539
539571
539682
539793
540015
540104
540126
540237
540348
540451
540459
540540
541014
541125
541214
541236
541347
541452
541458
541541
541569
542013
542124
542235
542324
542346
542453
542457
542542
542568
542679
543012
543123
543234
543345
543434
543454
543456
543543
543567
543678
543789
544011
544122
544233
544344
544455
544544
544566
544677
544788
544899
545010
545101
545121
545212
545232
545323
545343
545434
545454
545456
545545
545565
545654
545656
545676
545767
545787
545878
545898
545989
546120
546231
546342
546453
546457
546546
546564
546675
546764
546786
546897
547230
547341
547452
547458
547547
547563
547674
547785
547874
547896
548340
548451
548459
548548
548562
548673
548784
548895
548984
549450
549549
549561
549672
549783
549894
550005
550116
550227
550338
550449
550550
551004
551115
551226
551337
551448
551551
551559
552003
552114
552225
552336
552447
552552
552558
552669
553002
553113
553224
553335
553446
553553
553557
553668
553779
554001
554112
554223
554334
554445
554554
554556
554667
554778
554889
555000
555111
555222
555333
555444
555555
555666
555777
555888
555999
556110
556221
556332
556443
556554
556556
556665
556776
556887
556998
557220
557331
557442
557553
557557
557664
557775
557886
557997
558330
558441
558552
558558
558663
558774
558885
558996
559440
559551
559559
559662
559773
559884
559995
560106
560217
560328
560439
560560
561016
561105
561216
561327
561438
561549
561561
561650
562104
562126
562215
562326
562437
562548
562562
562651
562659
563103
563214
563236
563325
563436
563547
563563
563652
563658
563769
564102
564213
564324
564346
564435
564546
564564
564653
564657
564768
564879
565010
565101
565121
565212
565232
565323
565343
565434
565454
565456
565545
565565
565654
565656
565676
565767
565787
565878
565898
565989
566100
566211
566322
566433
566544
566566
566655
566766
566877
566988
567210
567321
567432
567543
567567
567654
567656
567676
567765
567876
567987
568320
568431
568542
568568
568653
568657
568764
568786
568875
568986
569430
569541
569569
569652
569658
569763
569874
569896
569985
570207
570318
570429
570570
571206
571317
571428
571539
571571
572027
572205
572316
572427
572538
572572
572649
572750
573137
573204
573315
573426
573537
573573
573648
573751
573759
574203
574247
574314
574425
574536
574574
574647
574752
574758
574869
575020
575131
575202
575242
575313
575353
575357
575424
575464
575535
575575
575646
575686
575753
575757
575797
575868
575979
576201
576312
576423
576467
576534
576576
576645
576754
576756
576867
576978
577200
577311
577422
577533
577577
577644
577755
577866
577977
578310
578421
578532
578578
578643
578687
578754
578756
578865
578976
579420
579531
579579
579642
579753
579757
579797
579864
579975
580308
580419
580580
581307
581418
581529
581581
582306
582417
582528
582582
582639
583038
583305
583416
583527
583583
583638
583749
583850
584148
584304
584415
584526
584584
584637
584748
584851
584859
585030
585141
585252
585258
585303
585363
585414
585474
585525
585585
585636
585696
585747
585852
585858
585969
586302
586368
586413
586524
586586
586635
586746
586853
586857
586968
587301
587412
587478
587523
587587
587634
587745
587854
587856
587967
588300
588411
588522
588588
588633
588744
588855
588966
589410
589521
589589
589632
589698
589743
589854
589856
589965
590409
590590
591408
591519
591591
592407
592518
592592
592629
593406
593517
593593
593628
593739
594049
594405
594516
594594
594627
594738
594849
594950
595040
595151
595159
595262
595373
595404
595484
595515
595595
595626
595737
595848
595951
595959
596269
596403
596514
596596
596625
596736
596847
596952
596958
597379
597402
597513
597597
597624
597735
597846
597953
597957
598401
598489
598512
598598
598623
598734
598845
598954
598956
599400
599511
599599
599622
599733
599844
599955
600066
600177
600288
600399
600600
601065
601067
601176
601287
601398
601601
601710
602064
602068
602175
602286
602397
602602
602820
603063
603069
603174
603285
603396
603603
603930
604062
604173
604284
604395
604604
605061
605172
605283
605394
605605
606060
606171
606282
606393
606606
606717
606828
606939
607170
607281
607392
607607
608280
608391
608608
609390
609609
610056
610165
610167
610278
610389
610501
610610
611055
611166
611277
611388
611499
611611
612054
612165
612167
612276
612387
612498
612612
612721
613053
613164
613168
613275
613386
613497
613613
613831
614052
614163
614169
614274
614385
614496
614614
614941
615051
615162
615273
615384
615495
615615
616050
616161
616272
616383
616494
616505
616616
616727
616838
616949
617160
617271
617382
617493
617617
618270
618381
618492
618618
619380
619491
619619
620046
620157
620264
620268
620379
620402
620620
621045
621156
621265
621267
621378
621489
621512
621621
622044
622155
622266
622377
622488
622599
622622
623043
623154
623265
623267
623376
623487
623598
623623
623732
624042
624153
624264
624268
624375
624486
624597
624624
624842
625041
625152
625263
625269
625374
625485
625596
625625
625952
626040
626151
626262
626373
626404
626484
626515
626595
626626
626737
626848
626959
627150
627261
627372
627483
627594
627627
628260
628371
628482
628593
628628
629370
629481
629592
629629
630036
630147
630258
630303
630363
630369
630630
631035
631146
631257
631364
631368
631413
631479
631631
632034
632145
632256
632365
632367
632478
632523
632589
632632
633033
633144
633255
633366
633477
633588
633633
633699
634032
634143
634254
634365
634367
634476
634587
634634
634698
634743
635031
635142
635253
635364
635368
635475
635586
635635
635697
635853
636030
636141
636252
636303
636363
636369
636414
636474
636525
636585
636636
636696
636747
636858
636963
636969
637140
637251
637362
637473
637584
637637
637695
638250
638361
638472
638583
638638
638694
639360
639471
639582
639639
639693
640026
640137
640204
640248
640359
640462
640640
641025
641136
641247
641314
641358
641463
641469
641641
642024
642135
642246
642357
642424
642464
642468
642579
642642
643023
643134
643245
643356
643465
643467
643534
643578
643643
643689
644022
644133
644244
644355
644466
644577
644644
644688
644799
645021
645132
645243
645354
645465
645467
645576
645645
645687
645754
645798
646020
646131
646202
646242
646313
646353
646424
646464
646468
646535
646575
646646
646686
646757
646797
646864
646868
646979
647130
647241
647352
647463
647469
647574
647647
647685
647796
647974
648240
648351
648462
648573
648648
648684
648795
649350
649461
649572
649649
649683
649794
650016
650105
650127
650238
650349
650561
650650
651015
651126
651215
651237
651348
651459
651562
651651
652014
652125
652236
652325
652347
652458
652563
652569
652652
653013
653124
653235
653346
653435
653457
653564
653568
653653
653679
654012
654123
654234
654345
654456
654545
654565
654567
654654
654678
654789
655011
655122
655233
655344
655455
655566
655655
655677
655788
655899
656010
656101
656121
656212
656232
656323
656343
656434
656454
656545
656565
656567
656656
656676
656765
656767
656787
656878
656898
656989
657120
657231
657342
657453
657564
657568
657657
657675
657786
657875
657897
658230
658341
658452
658563
658569
658658
658674
658785
658896
658985
659340
659451
659562
659659
659673
659784
659895
660006
660117
660228
660339
660660
661005
661116
661227
661338
661449
661661
662004
662115
662226
662337
662448
662559
662662
663003
663114
663225
663336
663447
663558
663663
663669
664002
664113
664224
664335
664446
664557
664664
664668
664779
665001
665112
665223
665334
665445
665556
665665
665667
665778
665889
666000
666111
666222
666333
666444
666555
666666
666777
666888
666999
667110
667221
667332
667443
667554
667665
667667
667776
667887
667998
668220
668331
668442
668553
668664
668668
668775
668886
668997
669330
669441
669552
669663
669669
669774
669885
669996
670107
670218
670329
670670
671017
671106
671217
671328
671439
671671
671760
672105
672127
672216
672327
672438
672549
672672
672761
673104
673215
673237
673326
673437
673548
673659
673673
673762
674103
674214
674325
674347
674436
674547
674658
674674
674763
674769
675102
675213
675324
675435
675457
675546
675657
675675
675764
675768
675879
676010
676101
676121
676212
676232
676323
676343
676434
676454
676545
676565
676567
676656
676676
676765
676767
676787
676878
676898
676989
677100
677211
677322
677433
677544
677655
677677
677766
677877
677988
678210
678321
678432
678543
678654
678678
678765
678767
678787
678876
678987
679320
679431
679542
679653
679679
679764
679768
679875
679897
679986
680208
680319
680680
681207
681318
681429
681681
682028
682206
682317
682428
682539
682682
682860
683138
683205
683316
683427
683538
683649
683683
683861
684204
684248
684315
684426
684537
684648
684684
684759
684862
685203
685314
685358
685425
685536
685647
685685
685758
685863
685869
686020
686131
686202
686242
686313
686353
686424
686464
686468
686535
686575
686646
686686
686757
686797
686864
686868
686979
687201
687312
687423
687534
687578
687645
687687
687756
687865
687867
687978
688200
688311
688422
688533
688644
688688
688755
688866
688977
689310
689421
689532
689643
689689
689754
689798
689865
689867
689976
690309
690690
691308
691419
691691
692307
692418
692529
692692
693039
693306
693417
693528
693639
693693
693960
694149
694305
694416
694527
694638
694694
694749
694961
695259
695304
695415
695526
695637
695695
695748
695859
695962
696030
696141
696252
696303
696363
696369
696414
696474
696525
696585
696636
696696
696747
696858
696963
696969
697302
697413
697479
697524
697635
697697
697746
697857
697964
697968
698301
698412
698523
698589
698634
698698
698745
698856
698965
698967
699300
699411
699522
699633
699699
699744
699855
699966
700077
700188
700299
700700
701076
701078
701187
701298
701701
701810
702075
702079
702186
702297
702702
702920
703074
703185
703296
703703
704073
704184
704295
704704
705072
705183
705294
705705
706071
706182
706293
706706
707070
707181
707292
707707
707818
707929
708180
708291
708708
709290
709709
710067
710176
710178
710289
710601
710710
711066
711177
711288
711399
711711
712065
712176
712178
712287
712398
712712
712821
713064
713175
713179
713286
713397
713713
713931
714063
714174
714285
714396
714714
715062
715173
715284
715395
715715
716061
716172
716283
716394
716716
717060
717171
717282
717393
717606
717717
717828
717939
718170
718281
718392
718718
719280
719391
719719
720057
720168
720275
720279
720502
720720
721056
721167
721276
721278
721389
721612
721721
722055
722166
722277
722388
722499
722722
723054
723165
723276
723278
723387
723498
723723
723832
724053
724164
724275
724279
724386
724497
724724
724942
725052
725163
725274
725385
725496
725725
726051
726162
726273
726384
726495
726726
727050
727161
727272
727383
727494
727505
727616
727727
727838
727949
728160
728271
728382
728493
728728
729270
729381
729492
729729
730047
730158
730269
730374
730403
730730
731046
731157
731268
731375
731379
731513
731731
732045
732156
732267
732376
732378
732489
732623
732732
733044
733155
733266
733377
733488
733599
733733
734043
734154
734265
734376
734378
734487
734598
734734
734843
735042
735153
735264
735375
735379
735486
735597
735735
735953
736041
736152
736263
736374
736485
736596
736736
737040
737151
737262
737373
737404
737484
737515
737595
737626
737737
737848
737959
738150
738261
738372
738483
738594
738738
739260
739371
739482
739593
739739
740037
740148
740259
740304
740473
740740
741036
741147
741258
741369
741414
741474
741741
742035
742146
742257
742368
742475
742479
742524
742742
743034
743145
743256
743367
743476
743478
743589
743634
743743
744033
744144
744255
744366
744477
744588
744699
744744
745032
745143
745254
745365
745476
745478
745587
745698
745745
745854
746031
746142
746253
746364
746475
746479
746586
746697
746746
746964
747030
747141
747252
747303
747363
747414
747474
747525
747585
747636
747696
747747
747858
747969
748140
748251
748362
748473
748584
748695
748748
749250
749361
749472
749583
749694
749749
750027
750138
750205
750249
750572
750750
751026
751137
751248
751315
751359
751573
751751
752025
752136
752247
752358
752425
752469
752574
752752
753024
753135
753246
753357
753468
753535
753575
753579
753753
754023
754134
754245
754356
754467
754576
754578
754645
754689
754754
755022
755133
755244
755355
755466
755577
755688
755755
755799
756021
756132
756243
756354
756465
756576
756578
756687
756756
756798
756865
757020
757131
757202
757242
757313
757353
757424
757464
757535
757575
757579
757646
757686
757757
757797
757868
757975
757979
758130
758241
758352
758463
758574
758685
758758
758796
759240
759351
759462
759573
759684
759759
759795
760017
760106
760128
760239
760671
760760
761016
761127
761216
761238
761349
761672
761761
762015
762126
762237
762326
762348
762459
762673
762762
763014
763125
763236
763347
763436
763458
763569
763674
763763
764013
764124
764235
764346
764457
764546
764568
764675
764679
764764
765012
765123
765234
765345
765456
765567
765656
765676
765678
765765
765789
766011
766122
766233
766344
766455
766566
766677
766766
766788
766899
767010
767101
767121
767212
767232
767323
767343
767434
767454
767545
767565
767656
767676
767678
767767
767787
767876
767878
767898
767989
768120
768231
768342
768453
768564
768675
768679
768768
768786
768897
768986
769230
769341
769452
769563
769674
769769
769785
769896
770007
770118
770229
770770
771006
771117
771228
771339
771771
772005
772116
772227
772338
772449
772772
773004
773115
773226
773337
773448
773559
773773
774003
774114
774225
774336
774447
774558
774669
774774
775002
775113
775224
775335
775446
775557
775668
775775
775779
776001
776112
776223
776334
776445
776556
776667
776776
776778
776889
777000
777111
777222
777333
777444
777555
777666
777777
777888
777999
778110
778221
778332
778443
778554
778665
778776
778778
778887
778998
779220
779331
779442
779553
779664
779775
779779
779886
779997
780108
780219
780780
781018
781107
781218
781329
781781
781870
782106
782128
782217
782328
782439
782782
782871
783105
783216
783238
783327
783438
783549
783783
783872
784104
784215
784326
784348
784437
784548
784659
784784
784873
785103
785214
785325
785436
785458
785547
785658
785769
785785
785874
786102
786213
786324
786435
786546
786568
786657
786768
786786
786875
786879
787010
787101
787121
787212
787232
787323
787343
787434
787454
787545
787565
787656
787676
787678
787767
787787
787876
787878
787898
787989
788100
788211
788322
788433
788544
788655
788766
788788
788877
788988
789210
789321
789432
789543
789654
789765
789789
789876
789878
789898
789987
790209
790790
791208
791319
791791
792029
792207
792318
792429
792792
792970
793139
793206
793317
793428
793539
793793
793971
794205
794249
794316
794427
794538
794649
794794
794972
795204
795315
795359
795426
795537
795648
795759
795795
795973
796203
796314
796425
796469
796536
796647
796758
796796
796869
796974
797020
797131
797202
797242
797313
797353
797424
797464
797535
797575
797579
797646
797686
797757
797797
797868
797975
797979
798201
798312
798423
798534
798645
798689
798756
798798
798867
798976
798978
799200
799311
799422
799533
799644
799755
799799
799866
799977
800088
800199
800800
801087
801089
801198
801801
801910
802086
802197
802802
803085
803196
803803
804084
804195
804804
805083
805194
805805
806082
806193
806806
807081
807192
807807
808080
808191
808808
808919
809190
809809
810078
810187
810189
810701
810810
811077
811188
811299
811811
812076
812187
812189
812298
812812
812921
813075
813186
813297
813813
814074
814185
814296
814814
815073
815184
815295
815815
816072
816183
816294
816816
817071
817182
817293
817817
818070
818181
818292
818707
818818
818929
819180
819291
819819
820068
820179
820286
820602
820820
821067
821178
821287
821289
821712
821821
822066
822177
822288
822399
822822
823065
823176
823287
823289
823398
823823
823932
824064
824175
824286
824397
824824
825063
825174
825285
825396
825825
826062
826173
826284
826395
826826
827061
827172
827283
827394
827827
828060
828171
828282
828393
828606
828717
828828
828939
829170
829281
829392
829829
830058
830169
830385
830503
830830
831057
831168
831279
831386
831613
831831
832056
832167
832278
832387
832389
832723
832832
833055
833166
833277
833388
833499
833833
834054
834165
834276
834387
834389
834498
834834
834943
835053
835164
835275
835386
835497
835835
836052
836163
836274
836385
836496
836836
837051
837162
837273
837384
837495
837837
838050
838161
838272
838383
838494
838505
838616
838727
838838
838949
839160
839271
839382
839493
839839
840048
840159
840404
840484
840840
841047
841158
841269
841485
841514
841841
842046
842157
842268
842379
842486
842624
842842
843045
843156
843267
843378
843487
843489
843734
843843
844044
844155
844266
844377
844488
844599
844844
845043
845154
845265
845376
845487
845489
845598
845845
845954
846042
846153
846264
846375
846486
846597
846846
847041
847152
847263
847374
847485
847596
847847
848040
848151
848262
848373
848404
848484
848515
848595
848626
848737
848848
848959
849150
849261
849372
849483
849594
849849
850038
850149
850305
850583
850850
851037
851148
851259
851415
851584
851851
852036
852147
852258
852369
852525
852585
852852
853035
853146
853257
853368
853479
853586
853635
853853
854034
854145
854256
854367
854478
854587
854589
854745
854854
855033
855144
855255
855366
855477
855588
855699
855855
856032
856143
856254
856365
856476
856587
856589
856698
856856
856965
857031
857142
857253
857364
857475
857586
857697
857857
858030
858141
858252
858303
858363
858414
858474
858525
858585
858636
858696
858747
858858
858969
859140
859251
859362
859473
859584
859695
859859
860028
860139
860206
860682
860860
861027
861138
861249
861316
861683
861861
862026
862137
862248
862359
862426
862684
862862
863025
863136
863247
863358
863469
863536
863685
863863
864024
864135
864246
864357
864468
864579
864646
864686
864864
865023
865134
865245
865356
865467
865578
865687
865689
865756
865865
866022
866133
866244
866355
866466
866577
866688
866799
866866
867021
867132
867243
867354
867465
867576
867687
867689
867798
867867
867976
868020
868131
868202
868242
868313
868353
868424
868464
868535
868575
868646
868686
868757
868797
868868
868979
869130
869241
869352
869463
869574
869685
869796
869869
870018
870107
870129
870781
870870
871017
871128
871217
871239
871782
871871
872016
872127
872238
872327
872349
872783
872872
873015
873126
873237
873348
873437
873459
873784
873873
874014
874125
874236
874347
874458
874547
874569
874785
874874
875013
875124
875235
875346
875457
875568
875657
875679
875786
875875
876012
876123
876234
876345
876456
876567
876678
876767
876787
876789
876876
877011
877122
877233
877344
877455
877566
877677
877788
877877
877899
878010
878101
878121
878212
878232
878323
878343
878434
878454
878545
878565
878656
878676
878767
878787
878789
878878
878898
878987
878989
879120
879231
879342
879453
879564
879675
879786
879879
879897
880008
880119
880880
881007
881118
881229
881881
882006
882117
882228
882339
882882
883005
883116
883227
883338
883449
883883
884004
884115
884226
884337
884448
884559
884884
885003
885114
885225
885336
885447
885558
885669
885885
886002
886113
886224
886335
886446
886557
886668
886779
886886
887001
887112
887223
887334
887445
887556
887667
887778
887887
887889
888000
888111
888222
888333
888444
888555
888666
888777
888888
888999
889110
889221
889332
889443
889554
889665
889776
889887
889889
889998
890109
890890
891019
891108
891219
891891
891980
892107
892129
892218
892329
892892
892981
893106
893217
893239
893328
893439
893893
893982
894105
894216
894327
894349
894438
894549
894894
894983
895104
895215
895326
895437
895459
895548
895659
895895
895984
896103
896214
896325
896436
896547
896569
896658
896769
896896
896985
897102
897213
897324
897435
897546
897657
897679
897768
897879
897897
897986
898010
898101
898121
898212
898232
898323
898343
898434
898454
898545
898565
898656
898676
898767
898787
898789
898878
898898
898987
898989
899100
899211
899322
899433
899544
899655
899766
899877
899899
899988
900099
900900
901098
901901
902097
902902
903096
903903
904095
904904
905094
905905
906093
906906
907092
907907
908091
908908
909090
909909
910089
910198
910801
910910
911088
911199
911911
912087
912198
912912
913086
913197
913913
914085
914196
914914
915084
915195
915915
916083
916194
916916
917082
917193
917917
918081
918192
918918
919080
919191
919808
919919
920079
920297
920702
920920
921078
921189
921298
921812
921921
922077
922188
922299
922922
923076
923187
923298
923923
924075
924186
924297
924924
925074
925185
925296
925925
926073
926184
926295
926926
927072
927183
927294
927927
928071
928182
928293
928928
929070
929181
929292
929707
929818
929929
930069
930396
930603
930930
931068
931179
931397
931713
931931
932067
932178
932289
932398
932823
932932
933066
933177
933288
933399
933933
934065
934176
934287
934398
934934
935064
935175
935286
935397
935935
936063
936174
936285
936396
936936
937062
937173
937284
937395
937937
938061
938172
938283
938394
938938
939060
939171
939282
939393
939606
939717
939828
939939
940059
940495
940504
940940
941058
941169
941496
941614
941941
942057
942168
942279
942497
942724
942942
943056
943167
943278
943389
943498
943834
943943
944055
944166
944277
944388
944499
944944
945054
945165
945276
945387
945498
945945
946053
946164
946275
946386
946497
946946
947052
947163
947274
947385
947496
947947
948051
948162
948273
948384
948495
948948
949050
949161
949272
949383
949494
949505
949616
949727
949838
949949
950049
950405
950594
950950
951048
951159
951515
951595
951951
952047
952158
952269
952596
952625
952952
953046
953157
953268
953379
953597
953735
953953
954045
954156
954267
954378
954489
954598
954845
954954
955044
955155
955266
955377
955488
955599
955955
956043
956154
956265
956376
956487
956598
956956
957042
957153
957264
957375
957486
957597
957957
958041
958152
958263
958374
958485
958596
958958
959040
959151
959262
959373
959404
959484
959515
959595
959626
959737
959848
959959
960039
960306
960693
960960
961038
961149
961416
961694
961961
962037
962148
962259
962526
962695
962962
963036
963147
963258
963369
963636
963696
963963
964035
964146
964257
964368
964479
964697
964746
964964
965034
965145
965256
965367
965478
965589
965698
965856
965965
966033
966144
966255
966366
966477
966588
966699
966966
967032
967143
967254
967365
967476
967587
967698
967967
968031
968142
968253
968364
968475
968586
968697
968968
969030
969141
969252
969303
969363
969414
969474
969525
969585
969636
969696
969747
969858
969969
970029
970207
970792
970970
971028
971139
971317
971793
971971
972027
972138
972249
972427
972794
972972
973026
973137
973248
973359
973537
973795
973973
974025
974136
974247
974358
974469
974647
974796
974974
975024
975135
975246
975357
975468
975579
975757
975797
975975
976023
976134
976245
976356
976467
976578
976689
976798
976867
976976
977022
977133
977244
977355
977466
977577
977688
977799
977977
978021
978132
978243
978354
978465
978576
978687
978798
978978
979020
979131
979202
979242
979313
979353
979424
979464
979535
979575
979646
979686
979757
979797
979868
979979
980019
980108
980891
980980
981018
981129
981218
981892
981981
982017
982128
982239
982328
982893
982982
983016
983127
983238
983349
983438
983894
983983
984015
984126
984237
984348
984459
984548
984895
984984
985014
985125
985236
985347
985458
985569
985658
985896
985985
986013
986124
986235
986346
986457
986568
986679
986768
986897
986986
987012
987123
987234
987345
987456
987567
987678
987789
987878
987898
987987
988011
988122
988233
988344
988455
988566
988677
988788
988899
988988
989010
989101
989121
989212
989232
989323
989343
989434
989454
989545
989565
989656
989676
989767
989787
989878
989898
989989
990009
990990
991008
991119
991991
992007
992118
992229
992992
993006
993117
993228
993339
993993
994005
994116
994227
994338
994449
994994
995004
995115
995226
995337
995448
995559
995995
996003
996114
996225
996336
996447
996558
996669
996996
997002
997113
997224
997335
997446
997557
997668
997779
997997
998001
998112
998223
998334
998445
998556
998667
998778
998889
998998
999000
999111
999222
999333
999444
999555
999666
999777
999888
